0
3.0575e+08
-5.83988e+08
8.11231e+08
-9.7125e+08
1.05688e+09
-1.07016e+09
1.02092e+09
-9.24308e+08
7.9781e+08
-6.58447e+08
5.20625e+08
-3.94875e+08
2.87519e+08
-2.01059e+08
1.35047e+08
-8.71173e+07
5.3956e+07
-3.20672e+07
1.82756e+07
-9.97848e+06
5.21433e+06
-2.60408e+06
1.24132e+06
-563478
243367
-99483.5
38651.4
-13967
4918.99
-1442.65
558.83
-25.9127
131.599
92.829
101.449
99.7444
100.038
99.9954
100
100
100
100
100
100
100
100
100
100
100
100
100
100
100
100
100
100
100
100
100
100
100
100
100
100
100
100
100
100
100
100
100
100
100
100
100
100
100
100
100
100
100
100
100
100
100
100
100
100
100
100
100
100
100
100
100
100
100
100
100
100
100
100
100
100
100
100
100
100
100
100
100
100
100
100
100
100
100
100
100
100
100
100
100
100
100
100
100
100
100
100
100
100
100
100
100
100
100
100
100
100
100
100
100
100
100
100
100
100
100
100
100
100
100
100
100
100
100
100
100
100
100
100
100
100
100
100
100
100
100
100
100
100
100
100
100
100
100
100
100
100
100
100
100
100
100
100
100
100
100
100
100
100
100
100
100
100
100
100
100
