0.0515381
0.0518862
0.0537735
0.0572262
0.0622919
0.0690388
0.0775548
0.0879465
0.100338
0.114869
0.131692
0.150972
0.172882
0.1976
0.225306
0.256178
0.290389
0.328098
0.369452
0.414576
0.46357
0.516501
0.573404
0.634269
0.699043
0.767622
0.839851
0.915514
0.994342
1.076
1.1601
1.24619
1.33376
1.42225
1.51106
1.59953
1.68697
1.77267
1.8559
1.93592
2.01198
2.08338
2.1494
2.20939
2.26273
2.30887
2.34732
2.37766
2.39958
2.41283
2.41726
2.41283
2.39958
2.37767
2.34732
2.30887
2.26273
2.20939
2.1494
2.08338
2.01198
1.93592
1.8559
1.77267
1.68697
1.59953
1.51107
1.42226
1.33377
1.2462
1.16012
1.07602
0.994371
0.915553
0.839901
0.767687
0.699127
0.634376
0.573542
0.516677
0.463793
0.414858
0.369808
0.328544
0.290947
0.256873
0.226168
0.198665
0.174193
0.152579
0.133654
0.117254
0.103228
0.091433
0.0817441
0.0740525
0.068268
0.0643206
0.0621613
0.0617629
