5.52416e-22
1.75752e-21
1.83153e-20
1.77232e-19
1.57347e-18
1.28792e-17
9.76157e-17
6.87705e-16
4.51849e-15
2.77707e-14
1.6008e-13
8.67517e-13
4.42943e-12
2.13496e-11
9.73138e-11
4.20146e-10
1.72072e-09
6.69405e-09
2.47672e-08
8.72513e-08
2.92975e-07
9.38593e-07
2.87146e-06
8.39597e-06
2.3481e-05
6.2857e-05
0.000161165
0.000396036
0.000933253
0.00211006
0.0045797
0.00954609
0.0191182
0.036802
0.0681176
0.121271
0.20773
0.342461
0.543508
0.830591
1.2225
1.73331
2.36779
3.11686
3.95421
4.83525
5.69951
6.47664
7.09548
7.49469
7.63267
7.49469
7.09548
6.47664
5.69951
4.83525
3.95421
3.11686
2.36779
1.73331
1.2225
0.830591
0.543508
0.342461
0.20773
0.121271
0.0681176
0.036802
0.0191182
0.00954609
0.0045797
0.00211006
0.000933253
0.000396036
0.000161165
6.2857e-05
2.3481e-05
8.39597e-06
2.87146e-06
9.38593e-07
2.92975e-07
8.72513e-08
2.47672e-08
6.69405e-09
1.72072e-09
4.20146e-10
9.73138e-11
2.13496e-11
4.42943e-12
8.67517e-13
1.6008e-13
2.77707e-14
4.51849e-15
6.87705e-16
9.76157e-17
1.28792e-17
1.57347e-18
1.77263e-19
1.87182e-20
6.37281e-21
