0
-8.37212e+09
1.54035e+10
-2.00986e+10
2.20319e+10
-2.13846e+10
1.88027e+10
-1.51499e+10
1.12547e+10
-7.73332e+09
4.92108e+09
-2.89988e+09
1.58058e+09
-7.95102e+08
3.6798e+08
-1.56013e+08
6.02574e+07
-2.10495e+07
6.58883e+06
-1.82522e+06
440272
-90161
15300.5
-1887.04
281.35
91.1345
100
100
100
100
100
100
100
100
100
100
100
100
100
100
100
100
100
100
100
100
100
100
100
100
100
100
100
100
100
100
100
100
100
100
100
100
100
100
100
100
100
100
100
100
100
100
100
100
100
100
100
100
100
100
100
100
100
100
100
100
100
100
100
100
100
100
100
100
100
100
100
100
100
100
100
100
100
100
100
100
100
100
100
100
100
100
100
100
100
100
100
100
100
100
100
100
100
100
100
100
100
100
100
100
100
100
100
100
100
100
100
100
100
100
100
100
100
100
100
100
100
100
100
100
100
100
100
100
100
100
100
100
100
100
100
100
100
100
100
100
100
100
100
100
100
100
100
100
100
100
100
100
100
100
100
100
100
100
100
100
100
100
100
100
100
100
100
100
100
100
100
100
100
100
