1.01229
1.01229
1.0123
1.01231
1.01232
1.01234
1.01236
1.01238
1.01241
1.01245
1.01248
1.01252
1.01257
1.01262
1.01267
1.01272
1.01278
1.01284
1.01291
1.01297
1.01305
1.01312
1.0132
1.01327
1.01336
1.01344
1.01353
1.01362
1.01371
1.0138
1.01389
1.01399
1.01409
1.01419
1.01429
1.01439
1.01449
1.01459
1.0147
1.0148
1.01491
1.01501
1.01512
1.01522
1.01533
1.01543
1.01554
1.01564
1.01575
1.01585
1.01595
1.01605
1.01616
1.01625
1.01635
1.01645
1.01655
1.01664
1.01673
1.01683
1.01692
1.017
1.01709
1.01718
1.01726
1.01734
1.01742
1.01749
1.01757
1.01764
1.01771
1.01778
1.01785
1.01791
1.01797
1.01803
1.01809
1.01814
1.01819
1.01824
1.01829
1.01834
1.01838
1.01842
1.01846
1.01849
1.01852
1.01855
1.01858
1.01861
1.01863
1.01865
1.01867
1.01868
1.0187
1.01871
1.01871
1.01872
1.01872
1.01872
