0
1.16725e+24
-2.25283e+24
3.18448e+24
-3.90714e+24
4.38828e+24
-4.61971e+24
4.61614e+24
-4.41089e+24
4.0497e+24
-3.58392e+24
3.06406e+24
-2.53474e+24
2.03125e+24
-1.57816e+24
1.18949e+24
-8.70104e+23
6.17886e+23
-4.26034e+23
2.85238e+23
-1.85437e+23
1.17049e+23
-7.17239e+22
4.26567e+22
-2.46163e+22
1.37793e+22
-7.47887e+21
3.93422e+21
-2.00484e+21
9.89148e+20
-4.72208e+20
2.17972e+20
-9.72163e+19
4.18588e+19
-1.7384e+19
6.95656e+18
-2.67942e+18
9.92121e+17
-3.52682e+17
1.20187e+17
-3.91985e+16
1.22133e+16
-3.62795e+15
1.0251e+15
-2.74805e+14
6.96906e+13
-1.66636e+13
3.74239e+12
-7.85929e+11
1.53538e+11
-2.77309e+10
4.59629e+09
-6.92791e+08
9.38914e+07
-1.12762e+07
1.17738e+06
-103947
7587.05
-312.174
115.474
99.7018
100
100
100
100
100
100
100
100
100
100
100
100
100
100
100
100
100
100
100
100
100
100
100
100
100
100
100
100
100
100
100
100
100
100
100
100
100
100
100
100
100
100
100
100
100
100
100
100
100
100
100
100
100
100
100
100
100
100
100
100
100
100
100
100
100
100
100
100
100
100
100
100
100
100
100
100
100
100
100
100
100
100
100
100
100
100
100
100
100
100
100
100
100
100
100
100
100
100
100
100
100
100
100
100
100
100
100
100
100
100
100
100
100
100
100
100
100
100
100
100
100
100
100
100
100
100
100
100
100
100
100
100
100
100
100
100
100
100
100
