0
1.21586
2.43152
3.64676
4.86138
6.07517
7.28793
8.49944
9.70951
10.9179
12.1245
13.3291
14.5314
15.7312
16.9285
18.1229
19.3143
20.5026
21.6874
22.8688
24.0464
25.2201
26.3898
27.5553
28.7165
29.8731
31.025
32.1722
33.3144
34.4515
35.5834
36.71
37.8312
38.9468
40.0567
41.1609
42.2592
43.3516
44.4379
45.5182
46.5923
47.6601
48.7216
49.7768
50.8256
51.868
52.9039
53.9334
54.9563
55.9727
56.9826
57.9859
58.9828
59.9731
60.957
61.9344
62.9054
63.87
64.8283
65.7803
66.7261
67.6657
68.5993
69.5268
70.4484
71.3642
72.2742
73.1786
74.0775
74.9709
75.8591
76.7421
77.62
78.493
79.3612
80.2248
81.0839
81.9387
82.7893
83.6358
84.4786
85.3176
86.1531
86.9853
87.8143
88.6403
89.4636
90.2842
91.1025
91.9185
92.7324
93.5446
94.3551
95.1642
95.972
96.7789
97.5849
98.3903
99.1952
100
