0
3.74299
7.47775
11.1961
14.89
18.5515
22.1729
25.7468
29.266
32.7238
36.1138
39.4299
42.6667
45.8191
48.8826
51.8531
54.727
57.5016
60.1741
62.7429
65.2064
67.5638
69.8146
71.9591
73.9976
75.9312
77.7613
79.4895
81.118
82.6491
84.0855
85.43
86.6859
87.8563
88.9446
89.9545
90.8894
91.753
92.5491
93.2813
93.9532
94.5684
95.1306
95.643
96.1091
96.5322
96.9154
97.2616
97.5738
97.8547
98.1068
98.3326
98.5344
98.7144
98.8745
99.0167
99.1426
99.254
99.3522
99.4386
99.5144
99.5809
99.639
99.6897
99.7338
99.7722
99.8054
99.8341
99.8588
99.8801
99.8984
99.9141
99.9276
99.939
99.9487
99.957
99.964
99.97
99.975
99.9792
99.9827
99.9857
99.9882
99.9903
99.992
99.9934
99.9946
99.9956
99.9964
99.9971
99.9977
99.9981
99.9985
99.9988
99.9991
99.9993
99.9995
99.9997
99.9998
100
