0.245727
0.246274
0.249229
0.254594
0.262367
0.272548
0.285135
0.300124
0.31751
0.337283
0.359433
0.38394
0.410782
0.439929
0.471342
0.504976
0.540773
0.578666
0.618574
0.660406
0.704056
0.749404
0.796316
0.844644
0.894224
0.944879
0.996416
1.04863
1.1013
1.1542
1.20708
1.2597
1.31179
1.36309
1.41333
1.46225
1.50956
1.555
1.59831
1.63924
1.67753
1.71295
1.74528
1.77431
1.79987
1.82179
1.83992
1.85415
1.86438
1.87055
1.87261
1.87056
1.8644
1.85417
1.83996
1.82183
1.79993
1.77438
1.74536
1.71305
1.67766
1.63939
1.5985
1.55523
1.50983
1.46257
1.41371
1.36354
1.31232
1.26032
1.20782
1.15506
1.10231
1.04981
0.997786
0.94647
0.896068
0.846774
0.798772
0.752229
0.707297
0.664116
0.62281
0.58349
0.546255
0.51119
0.478368
0.447852
0.419697
0.393945
0.370634
0.349792
0.331443
0.315606
0.302294
0.291517
0.283284
0.277599
0.274466
0.273886
