0
0
0
0
0
0
0
0
0
0
0
0
0
0
0
0
0
0
0
0
0
0
0
0
0
7.87414e-15
4.73844e-13
1.38839e-11
2.63957e-10
3.66114e-09
3.94945e-08
3.44958e-07
2.50768e-06
1.54788e-05
8.23588e-05
0.000382203
0.00156151
0.00565917
0.0183067
0.0531313
0.138944
0.328577
0.704779
1.37463
2.44314
3.96367
5.87819
7.97761
9.91634
11.2963
11.7973
11.2963
9.91634
7.97761
5.87819
3.96367
2.44314
1.37463
0.704779
0.328577
0.138944
0.0531313
0.0183067
0.00565917
0.00156151
0.000382203
8.23588e-05
1.54788e-05
2.50768e-06
3.44958e-07
3.94945e-08
3.66114e-09
2.63957e-10
1.38839e-11
4.73844e-13
7.87414e-15
0
0
0
0
0
0
0
0
0
0
0
0
0
0
0
0
0
0
0
0
0
0
0
0
