-- Taak 1 --
<<Constructor aangeroepen>>
Voor t = 10s
Oplossing stabiel, eta = 0.226907 < 1/2.
0  35.2219  64.0078  83.1781  93.5166  97.9855  99.5096  99.9102  99.9884  99.9991  100  100  100  100  100  100  100  100  100  100  100  100  100  100  100  100  100  100  100  100  100  100  100  100  100  100  100  100  100  100  100  100  100  100  100  100  100  100  100  100  100  100  100  100  100  100  100  100  100  100  100  100  100  100  100  100  100  100  100  100  100  100  100  100  100  100  100  100  100  100  100  100  100  100  100  100  100  100  100  100  100  100  100  100  100  100  100  100  100  100

Voor t = 20s
Oplossing stabiel, eta = 0.226907 < 1/2.
0  25.6606  48.7573  67.4616  81.0781  89.9774  95.1897  97.9192  99.1932  99.7213  99.9148  99.9772  99.9947  99.9989  99.9998  100  100  100  100  100  100  100  100  100  100  100  100  100  100  100  100  100  100  100  100  100  100  100  100  100  100  100  100  100  100  100  100  100  100  100  100  100  100  100  100  100  100  100  100  100  100  100  100  100  100  100  100  100  100  100  100  100  100  100  100  100  100  100  100  100  100  100  100  100  100  100  100  100  100  100  100  100  100  100  100  100  100  100  100  100

Voor t = 30s
Oplossing stabiel, eta = 0.226907 < 1/2.
0  21.1693  40.8833  57.9777  71.7763  82.1406  89.3805  94.0809  96.9146  98.4994  99.3207  99.7144  99.8888  99.96  99.9867  99.996  99.9989  99.9997  99.9999  100  100  100  100  100  100  100  100  100  100  100  100  100  100  100  100  100  100  100  100  100  100  100  100  100  100  100  100  100  100  100  100  100  100  100  100  100  100  100  100  100  100  100  100  100  100  100  100  100  100  100  100  100  100  100  100  100  100  100  100  100  100  100  100  100  100  100  100  100  100  100  100  100  100  100  100  100  100  100  100  100

Voor t = 60s
Oplossing stabiel, eta = 0.226907 < 1/2.
0  15.1274  29.7175  43.2897  55.4658  66.0006  74.79  81.8611  87.3458  91.4468  94.4026  96.4557  97.8298  98.7158  99.266  99.595  99.7844  99.8893  99.9452  99.9739  99.988  99.9947  99.9978  99.9991  99.9996  99.9999  100  100  100  100  100  100  100  100  100  100  100  100  100  100  100  100  100  100  100  100  100  100  100  100  100  100  100  100  100  100  100  100  100  100  100  100  100  100  100  100  100  100  100  100  100  100  100  100  100  100  100  100  100  100  100  100  100  100  100  100  100  100  100  100  100  100  100  100  100  100  100  100  100  100

Voor t = 600s
Oplossing stabiel, eta = 0.226907 < 1/2.
0  4.83009  9.6425  14.4197  19.1447  23.8009  28.3725  32.8446  37.2034  41.4362  45.5315  49.4794  53.2712  56.8998  60.3594  63.6459  66.7565  69.6898  72.4458  75.0257  77.432  79.668  81.7383  83.6481  85.4033  87.0107  88.4771  89.8102  91.0175  92.1069  93.0864  93.9638  94.7468  95.443  96.0599  96.6044  97.0832  97.5028  97.8691  98.1877  98.4638  98.7021  98.9072  99.0829  99.233  99.3607  99.4689  99.5604  99.6373  99.7018  99.7556  99.8004  99.8376  99.8683  99.8936  99.9143  99.9312  99.945  99.9561  99.9651  99.9724  99.9782  99.9829  99.9866  99.9895  99.9919  99.9937  99.9952  99.9963  99.9972  99.9979  99.9984  99.9988  99.9991  99.9994  99.9996  99.9997  99.9998  99.9999  100  100  100  100  100  100  100  100  100  100  100  100  100  100  100  100  100  100  100  100  100

Voor t = 10 000s
Oplossing stabiel, eta = 0.226907 < 1/2.
0  1.2159  2.43158  3.64686  4.86151  6.07533  7.28811  8.49966  9.70976  10.9182  12.1248  13.3294  14.5317  15.7316  16.9289  18.1233  19.3148  20.5031  21.688  22.8693  24.047  25.2208  26.3905  27.556  28.7172  29.8738  31.0258  32.173  33.3152  34.4523  35.5843  36.7109  37.8321  38.9477  40.0577  41.1619  42.2602  43.3526  44.439  45.5192  46.5933  47.6612  48.7227  49.7779  50.8267  51.8691  52.9051  53.9345  54.9574  55.9739  56.9837  57.9871  58.984  59.9743  60.9582  61.9356  62.9066  63.8712  64.8295  65.7815  66.7273  67.6669  68.6005  69.528  70.4496  71.3654  72.2754  73.1798  74.0787  74.9721  75.8603  76.7432  77.6211  78.4941  79.3623  80.2259  81.085  81.9397  82.7903  83.6368  84.4795  85.3185  86.154  86.9861  87.8151  88.6411  89.4643  90.2849  91.1031  91.919  92.7329  93.545  94.3555  95.1645  95.9723  96.7791  97.585  98.3904  99.1953  100

<<Destructor aangeroepen>>


-- Taak 2 --
<<Constructor aangeroepen>>
Voor t = 10s
<Warning>: Oplossing instabiel, eta = 0.680721 > 1/2.
0  1016.15  -1728.4  2195.48  -2065.49  1883.83  -1261.84  967.085  -410.979  348.934  -11.302  138.847  87.7109  102.493  99.5413  100  100  100  100  100  100  100  100  100  100  100  100  100  100  100  100  100  100  100  100  100  100  100  100  100  100  100  100  100  100  100  100  100  100  100  100  100  100  100  100  100  100  100  100  100  100  100  100  100  100  100  100  100  100  100  100  100  100  100  100  100  100  100  100  100  100  100  100  100  100  100  100  100  100  100  100  100  100  100  100  100  100  100  100  100  100  100  100  100  100  100  100  100  100  100  100  100  100  100  100  100  100  100  100  100  100  100  100  100  100  100  100  100  100  100  100  100  100  100  100  100  100  100  100  100  100  100  100  100  100  100  100  100  100  100  100  100  100  100  100  100  100  100  100  100  100  100  100  100  100  100  100  100  100  100  100  100  100  100  100  100  100  100  100  100  100  100  100  100  100  100  100  100  100  100  100  100  100  100  100  100  100  100  100  100

Voor t = 20s
<Warning>: Oplossing instabiel, eta = 0.680721 > 1/2.
0  -460158  860526  -1.15365e+06  1.31399e+06  -1.34006e+06  1.25271e+06  -1.08585e+06  878980  -666538  474877  -317704  199989  -117960  65467.6  -33762.4  16459.9  -7246.28  3150.07  -1064.45  505.282  -27.4419  135.649  91.2698  101.81  99.6931  100.038  99.9969  100  100  100  100  100  100  100  100  100  100  100  100  100  100  100  100  100  100  100  100  100  100  100  100  100  100  100  100  100  100  100  100  100  100  100  100  100  100  100  100  100  100  100  100  100  100  100  100  100  100  100  100  100  100  100  100  100  100  100  100  100  100  100  100  100  100  100  100  100  100  100  100  100  100  100  100  100  100  100  100  100  100  100  100  100  100  100  100  100  100  100  100  100  100  100  100  100  100  100  100  100  100  100  100  100  100  100  100  100  100  100  100  100  100  100  100  100  100  100  100  100  100  100  100  100  100  100  100  100  100  100  100  100  100  100  100  100  100  100  100  100  100  100  100  100  100  100  100  100  100  100  100  100  100  100  100  100  100  100  100  100  100  100  100  100  100  100  100  100  100  100  100

Voor t = 30s
<Warning>: Oplossing instabiel, eta = 0.680721 > 1/2.
0  3.0575e+08  -5.83988e+08  8.11231e+08  -9.7125e+08  1.05688e+09  -1.07016e+09  1.02092e+09  -9.24308e+08  7.9781e+08  -6.58447e+08  5.20625e+08  -3.94875e+08  2.87519e+08  -2.01059e+08  1.35047e+08  -8.71173e+07  5.3956e+07  -3.20672e+07  1.82756e+07  -9.97848e+06  5.21433e+06  -2.60408e+06  1.24132e+06  -563478  243367  -99483.5  38651.4  -13967  4918.99  -1442.65  558.83  -25.9127  131.599  92.829  101.449  99.7444  100.038  99.9954  100  100  100  100  100  100  100  100  100  100  100  100  100  100  100  100  100  100  100  100  100  100  100  100  100  100  100  100  100  100  100  100  100  100  100  100  100  100  100  100  100  100  100  100  100  100  100  100  100  100  100  100  100  100  100  100  100  100  100  100  100  100  100  100  100  100  100  100  100  100  100  100  100  100  100  100  100  100  100  100  100  100  100  100  100  100  100  100  100  100  100  100  100  100  100  100  100  100  100  100  100  100  100  100  100  100  100  100  100  100  100  100  100  100  100  100  100  100  100  100  100  100  100  100  100  100  100  100  100  100  100  100  100  100  100  100  100  100  100  100  100  100  100  100  100  100  100  100  100  100  100  100  100  100  100  100  100  100  100  100  100

Voor t = 60s
<Warning>: Oplossing instabiel, eta = 0.680721 > 1/2.
0  3.10155e+17  -6.05982e+17  8.74246e+17  -1.10377e+18  1.28622e+18  -1.41653e+18  1.49314e+18  -1.51774e+18  1.49491e+18  -1.43147e+18  1.33568e+18  -1.21651e+18  1.08286e+18  -9.42948e+17  8.03874e+17  -6.71313e+17  5.49407e+17  -4.40809e+17  3.46826e+17  -2.67651e+17  2.02624e+17  -1.50495e+17  1.09672e+17  -7.84205e+16  5.50203e+16  -3.78764e+16  2.55827e+16  -1.69522e+16  1.10197e+16  -7.02634e+15  4.39387e+15  -2.69438e+15  1.61991e+15  -9.54685e+14  5.51414e+14  -3.12065e+14  1.73003e+14  -9.39266e+13  4.99255e+13  -2.59729e+13  1.32201e+13  -6.58129e+12  3.20317e+12  -1.52357e+12  7.07882e+11  -3.21122e+11  1.42157e+11  -6.13779e+10  2.58313e+10  -1.059e+10  4.22626e+09  -1.64062e+09  6.19022e+08  -2.26813e+08  8.06282e+07  -2.77788e+07  9.26562e+06  -2.98815e+06  930729  -279353  80881.6  -22339.9  6078.65  -1424.73  471.506  13.6295  119.175  95.9073  100.859  99.8121  100.048  99.9847  100.006  99.9973  100.001  99.9994  100  99.9999  100  100  100  100  100  100  100  100  100  100  100  100  100  100  100  100  100  100  100  100  100  100  100  100  100  100  100  100  100  100  100  100  100  100  100  100  100  100  100  100  100  100  100  100  100  100  100  100  100  100  100  100  100  100  100  100  100  100  100  100  100  100  100  100  100  100  100  100  100  100  100  100  100  100  100  100  100  100  100  100  100  100  100  100  100  100  100  100  100  100  100  100  100  100  100  100  100  100  100  100  100  100  100  100  100  100  100  100  100  100  100  100  100  100  100  100  100  100  100  100  100

Voor t = 600s
<Warning>: Oplossing instabiel, eta = 0.680721 > 1/2.
0  -nan(ind)  -nan(ind)  -nan(ind)  -nan(ind)  -nan(ind)  -nan(ind)  -nan(ind)  -nan(ind)  -nan(ind)  -nan(ind)  -nan(ind)  -nan(ind)  -nan(ind)  -nan(ind)  -nan(ind)  -nan(ind)  -nan(ind)  -nan(ind)  -nan(ind)  -nan(ind)  -nan(ind)  -nan(ind)  -nan(ind)  -nan(ind)  -nan(ind)  -nan(ind)  -nan(ind)  -nan(ind)  -nan(ind)  -nan(ind)  -nan(ind)  -nan(ind)  -nan(ind)  -nan(ind)  -nan(ind)  -nan(ind)  -nan(ind)  -nan(ind)  -nan(ind)  -nan(ind)  -nan(ind)  -nan(ind)  -nan(ind)  -nan(ind)  -nan(ind)  -nan(ind)  -nan(ind)  -nan(ind)  -nan(ind)  -nan(ind)  -nan(ind)  -nan(ind)  -nan(ind)  -nan(ind)  -nan(ind)  -nan(ind)  -nan(ind)  -nan(ind)  -nan(ind)  -nan(ind)  -nan(ind)  -nan(ind)  -nan(ind)  -nan(ind)  -nan(ind)  -nan(ind)  -nan(ind)  -nan(ind)  -nan(ind)  -nan(ind)  -nan(ind)  -nan(ind)  -nan(ind)  -nan(ind)  -nan(ind)  -nan(ind)  -nan(ind)  -nan(ind)  -nan(ind)  -nan(ind)  -nan(ind)  -nan(ind)  -nan(ind)  -nan(ind)  -nan(ind)  -nan(ind)  -nan(ind)  -nan(ind)  -nan(ind)  -nan(ind)  -nan(ind)  -nan(ind)  -nan(ind)  -nan(ind)  -nan(ind)  -nan(ind)  -nan(ind)  -nan(ind)  -nan(ind)  -nan(ind)  -nan(ind)  -nan(ind)  -nan(ind)  -nan(ind)  -nan(ind)  -nan(ind)  -nan(ind)  -nan(ind)  -nan(ind)  -nan(ind)  -nan(ind)  -nan(ind)  -nan(ind)  -nan(ind)  -nan(ind)  -nan(ind)  -nan(ind)  -nan(ind)  -nan(ind)  -nan(ind)  -nan(ind)  -nan(ind)  -nan(ind)  -nan(ind)  -nan(ind)  -nan(ind)  -nan(ind)  -nan(ind)  -nan(ind)  -nan(ind)  -nan(ind)  -nan(ind)  -nan(ind)  -nan(ind)  -nan(ind)  -nan(ind)  -nan(ind)  -nan(ind)  -nan(ind)  -nan(ind)  -nan(ind)  -nan(ind)  -nan(ind)  -nan(ind)  -nan(ind)  -nan(ind)  -nan(ind)  -nan(ind)  -nan(ind)  -nan(ind)  -nan(ind)  -nan(ind)  -nan(ind)  -nan(ind)  -nan(ind)  -nan(ind)  -nan(ind)  -nan(ind)  -nan(ind)  -nan(ind)  -nan(ind)  -nan(ind)  -nan(ind)  -nan(ind)  -nan(ind)  -nan(ind)  -nan(ind)  -nan(ind)  -nan(ind)  -nan(ind)  -nan(ind)  -nan(ind)  -nan(ind)  -nan(ind)  -nan(ind)  -nan(ind)  -nan(ind)  -nan(ind)  -nan(ind)  -nan(ind)  -nan(ind)  -nan(ind)  -nan(ind)  -nan(ind)  -nan(ind)  -nan(ind)  -nan(ind)  -nan(ind)  -nan(ind)  -nan(ind)  -nan(ind)  -nan(ind)  -nan(ind)  -nan(ind)  -nan(ind)  -nan(ind)  -nan(ind)  -nan(ind)  100

<<Destructor aangeroepen>>


-- Taak 3 --
<<Constructor aangeroepen>>
Voor t = 10s
Oplossing stabiel, eta = 0.226907 < 1/2.
0  0  0  0  0  0  0  0  0  0  0  0  0  0  0  0  0  0  0  0  0  0  0  0  0  0  0  0  0  0  0  0  0  0  0  0  0  0  0  0  3.61811e-05  0.000870911  0.00979543  0.0683917  0.332173  1.19202  3.27687  7.06159  12.1087  16.6771  18.5448  16.6771  12.1087  7.06159  3.27687  1.19202  0.332173  0.0683917  0.00979543  0.000870911  3.61811e-05  0  0  0  0  0  0  0  0  0  0  0  0  0  0  0  0  0  0  0  0  0  0  0  0  0  0  0  0  0  0  0  0  0  0  0  0  0  0  0

Voor t = 20s
Oplossing stabiel, eta = 0.226907 < 1/2.
0  0  0  0  0  0  0  0  0  0  0  0  0  0  0  0  0  0  0  0  0  0  0  0  0  0  0  0  0  0  1.30907e-11  6.3021e-10  1.4673e-08  2.20109e-07  2.39113e-06  2.0047e-05  0.000134984  0.000750071  0.0035076  0.0140077  0.048314  0.1452  0.382917  0.891117  1.83833  3.37402  5.52529  8.09118  10.6131  12.4837  13.1769  12.4837  10.6131  8.09118  5.52529  3.37402  1.83833  0.891117  0.382917  0.1452  0.048314  0.0140077  0.0035076  0.000750071  0.000134984  2.0047e-05  2.39113e-06  2.20109e-07  1.4673e-08  6.3021e-10  1.30907e-11  0  0  0  0  0  0  0  0  0  0  0  0  0  0  0  0  0  0  0  0  0  0  0  0  0  0  0  0  0

Voor t = 30s
Oplossing stabiel, eta = 0.226907 < 1/2.
0  0  0  0  0  0  0  0  0  0  0  0  0  0  0  0  0  0  0  0  4.73636e-18  3.42025e-16  1.20797e-14  2.78112e-13  4.69387e-12  6.1923e-11  6.64869e-10  5.97362e-09  4.58276e-08  3.04827e-07  1.77917e-06  9.19988e-06  4.2476e-05  0.000176245  0.000660776  0.00224882  0.00697451  0.0197784  0.0514326  0.122953  0.270786  0.550435  1.03436  1.79936  2.90101  4.33898  6.02531  7.77326  9.32119  10.3928  10.7765  10.3928  9.32119  7.77326  6.02531  4.33898  2.90101  1.79936  1.03436  0.550435  0.270786  0.122953  0.0514326  0.0197784  0.00697451  0.00224882  0.000660776  0.000176245  4.2476e-05  9.19988e-06  1.77917e-06  3.04827e-07  4.58276e-08  5.97362e-09  6.64869e-10  6.1923e-11  4.69387e-12  2.78112e-13  1.20797e-14  3.42025e-16  4.73636e-18  0  0  0  0  0  0  0  0  0  0  0  0  0  0  0  0  0  0  0

Voor t = 60s
Oplossing stabiel, eta = 0.226907 < 1/2.
5.52416e-22  1.75752e-21  1.83153e-20  1.77232e-19  1.57347e-18  1.28792e-17  9.76157e-17  6.87705e-16  4.51849e-15  2.77707e-14  1.6008e-13  8.67517e-13  4.42943e-12  2.13496e-11  9.73138e-11  4.20146e-10  1.72072e-09  6.69405e-09  2.47672e-08  8.72513e-08  2.92975e-07  9.38593e-07  2.87146e-06  8.39597e-06  2.3481e-05  6.2857e-05  0.000161165  0.000396036  0.000933253  0.00211006  0.0045797  0.00954609  0.0191182  0.036802  0.0681176  0.121271  0.20773  0.342461  0.543508  0.830591  1.2225  1.73331  2.36779  3.11686  3.95421  4.83525  5.69951  6.47664  7.09548  7.49469  7.63267  7.49469  7.09548  6.47664  5.69951  4.83525  3.95421  3.11686  2.36779  1.73331  1.2225  0.830591  0.543508  0.342461  0.20773  0.121271  0.0681176  0.036802  0.0191182  0.00954609  0.0045797  0.00211006  0.000933253  0.000396036  0.000161165  6.2857e-05  2.3481e-05  8.39597e-06  2.87146e-06  9.38593e-07  2.92975e-07  8.72513e-08  2.47672e-08  6.69405e-09  1.72072e-09  4.20146e-10  9.73138e-11  2.13496e-11  4.42943e-12  8.67517e-13  1.6008e-13  2.77707e-14  4.51849e-15  6.87705e-16  9.76157e-17  1.28792e-17  1.57347e-18  1.77263e-19  1.87182e-20  6.37281e-21

Voor t = 600s
Oplossing stabiel, eta = 0.226907 < 1/2.
0.0515381  0.0518862  0.0537735  0.0572262  0.0622919  0.0690388  0.0775548  0.0879465  0.100338  0.114869  0.131692  0.150972  0.172882  0.1976  0.225306  0.256178  0.290389  0.328098  0.369452  0.414576  0.46357  0.516501  0.573404  0.634269  0.699043  0.767622  0.839851  0.915514  0.994342  1.076  1.1601  1.24619  1.33376  1.42225  1.51106  1.59953  1.68697  1.77267  1.8559  1.93592  2.01198  2.08338  2.1494  2.20939  2.26273  2.30887  2.34732  2.37766  2.39958  2.41283  2.41726  2.41283  2.39958  2.37767  2.34732  2.30887  2.26273  2.20939  2.1494  2.08338  2.01198  1.93592  1.8559  1.77267  1.68697  1.59953  1.51107  1.42226  1.33377  1.2462  1.16012  1.07602  0.994371  0.915553  0.839901  0.767687  0.699127  0.634376  0.573542  0.516677  0.463793  0.414858  0.369808  0.328544  0.290947  0.256873  0.226168  0.198665  0.174193  0.152579  0.133654  0.117254  0.103228  0.091433  0.0817441  0.0740525  0.068268  0.0643206  0.0621613  0.0617629

Voor t = 10 000s
Oplossing stabiel, eta = 0.226907 < 1/2.
1.01229  1.01229  1.0123  1.01231  1.01232  1.01234  1.01236  1.01238  1.01241  1.01244  1.01248  1.01252  1.01257  1.01261  1.01267  1.01272  1.01278  1.01284  1.01291  1.01297  1.01305  1.01312  1.0132  1.01328  1.01336  1.01344  1.01353  1.01362  1.01371  1.0138  1.0139  1.01399  1.01409  1.01419  1.01429  1.01439  1.0145  1.0146  1.0147  1.01481  1.01491  1.01502  1.01512  1.01523  1.01534  1.01544  1.01555  1.01565  1.01576  1.01586  1.01596  1.01606  1.01616  1.01626  1.01636  1.01646  1.01655  1.01665  1.01674  1.01683  1.01692  1.01701  1.01709  1.01718  1.01726  1.01734  1.01742  1.0175  1.01757  1.01764  1.01771  1.01778  1.01784  1.01791  1.01797  1.01802  1.01808  1.01813  1.01818  1.01823  1.01828  1.01832  1.01836  1.0184  1.01844  1.01847  1.0185  1.01853  1.01856  1.01858  1.0186  1.01862  1.01864  1.01866  1.01867  1.01868  1.01869  1.01869  1.01869  1.0187

<<Destructor aangeroepen>>

D:\Inleiding Programeren Local\Opdracht4\Opdracht4_TomStoops\Debug\Opdracht4_TomStoops.exe (process 17164) exited with code 0.
Press any key to close this window . . .