0
0
0
0
0
0
0
0
0
0
0
0
0
0
0
0
0
0
0
0
0
0
0
0
0
0
0
0
0
0
1.30907e-11
6.3021e-10
1.4673e-08
2.20109e-07
2.39113e-06
2.0047e-05
0.000134984
0.000750071
0.0035076
0.0140077
0.048314
0.1452
0.382917
0.891117
1.83833
3.37402
5.52529
8.09118
10.6131
12.4837
13.1769
12.4837
10.6131
8.09118
5.52529
3.37402
1.83833
0.891117
0.382917
0.1452
0.048314
0.0140077
0.0035076
0.000750071
0.000134984
2.0047e-05
2.39113e-06
2.20109e-07
1.4673e-08
6.3021e-10
1.30907e-11
0
0
0
0
0
0
0
0
0
0
0
0
0
0
0
0
0
0
0
0
0
0
0
0
0
0
0
0
0
