0
4.83009
9.6425
14.4197
19.1447
23.8009
28.3725
32.8446
37.2034
41.4362
45.5315
49.4794
53.2712
56.8998
60.3594
63.6459
66.7565
69.6898
72.4458
75.0257
77.432
79.668
81.7383
83.6481
85.4033
87.0107
88.4771
89.8102
91.0175
92.1069
93.0864
93.9638
94.7468
95.443
96.0599
96.6044
97.0832
97.5028
97.8691
98.1877
98.4638
98.7021
98.9072
99.0829
99.233
99.3607
99.4689
99.5604
99.6373
99.7018
99.7556
99.8004
99.8376
99.8683
99.8936
99.9143
99.9312
99.945
99.9561
99.9651
99.9724
99.9782
99.9829
99.9866
99.9895
99.9919
99.9937
99.9952
99.9963
99.9972
99.9979
99.9984
99.9988
99.9991
99.9994
99.9996
99.9997
99.9998
99.9999
100
100
100
100
100
100
100
100
100
100
100
100
100
100
100
100
100
100
100
100
100
