0
1.2159
2.43158
3.64686
4.86151
6.07533
7.28811
8.49966
9.70976
10.9182
12.1248
13.3294
14.5317
15.7316
16.9289
18.1233
19.3148
20.5031
21.688
22.8693
24.047
25.2208
26.3905
27.556
28.7172
29.8738
31.0258
32.173
33.3152
34.4523
35.5843
36.7109
37.8321
38.9477
40.0577
41.1619
42.2602
43.3526
44.439
45.5192
46.5933
47.6612
48.7227
49.7779
50.8267
51.8691
52.9051
53.9345
54.9574
55.9739
56.9837
57.9871
58.984
59.9743
60.9582
61.9356
62.9066
63.8712
64.8295
65.7815
66.7273
67.6669
68.6005
69.528
70.4496
71.3654
72.2754
73.1798
74.0787
74.9721
75.8603
76.7432
77.6211
78.4941
79.3623
80.2259
81.085
81.9397
82.7903
83.6368
84.4795
85.3185
86.154
86.9861
87.8151
88.6411
89.4643
90.2849
91.1031
91.919
92.7329
93.545
94.3555
95.1645
95.9723
96.7791
97.585
98.3904
99.1953
100
