1.01229
1.01229
1.0123
1.01231
1.01232
1.01234
1.01236
1.01238
1.01241
1.01244
1.01248
1.01252
1.01257
1.01261
1.01267
1.01272
1.01278
1.01284
1.01291
1.01297
1.01305
1.01312
1.0132
1.01328
1.01336
1.01344
1.01353
1.01362
1.01371
1.0138
1.0139
1.01399
1.01409
1.01419
1.01429
1.01439
1.0145
1.0146
1.0147
1.01481
1.01491
1.01502
1.01512
1.01523
1.01534
1.01544
1.01555
1.01565
1.01576
1.01586
1.01596
1.01606
1.01616
1.01626
1.01636
1.01646
1.01655
1.01665
1.01674
1.01683
1.01692
1.01701
1.01709
1.01718
1.01726
1.01734
1.01742
1.0175
1.01757
1.01764
1.01771
1.01778
1.01784
1.01791
1.01797
1.01802
1.01808
1.01813
1.01818
1.01823
1.01828
1.01832
1.01836
1.0184
1.01844
1.01847
1.0185
1.01853
1.01856
1.01858
1.0186
1.01862
1.01864
1.01866
1.01867
1.01868
1.01869
1.01869
1.01869
1.0187
