0
0
0
0
0
0
0
0
0
0
0
0
0
0
0
0
0
0
0
0
4.73636e-18
3.42025e-16
1.20797e-14
2.78112e-13
4.69387e-12
6.1923e-11
6.64869e-10
5.97362e-09
4.58276e-08
3.04827e-07
1.77917e-06
9.19988e-06
4.2476e-05
0.000176245
0.000660776
0.00224882
0.00697451
0.0197784
0.0514326
0.122953
0.270786
0.550435
1.03436
1.79936
2.90101
4.33898
6.02531
7.77326
9.32119
10.3928
10.7765
10.3928
9.32119
7.77326
6.02531
4.33898
2.90101
1.79936
1.03436
0.550435
0.270786
0.122953
0.0514326
0.0197784
0.00697451
0.00224882
0.000660776
0.000176245
4.2476e-05
9.19988e-06
1.77917e-06
3.04827e-07
4.58276e-08
5.97362e-09
6.64869e-10
6.1923e-11
4.69387e-12
2.78112e-13
1.20797e-14
3.42025e-16
4.73636e-18
0
0
0
0
0
0
0
0
0
0
0
0
0
0
0
0
0
0
0
