0
3.10155e+17
-6.05982e+17
8.74246e+17
-1.10377e+18
1.28622e+18
-1.41653e+18
1.49314e+18
-1.51774e+18
1.49491e+18
-1.43147e+18
1.33568e+18
-1.21651e+18
1.08286e+18
-9.42948e+17
8.03874e+17
-6.71313e+17
5.49407e+17
-4.40809e+17
3.46826e+17
-2.67651e+17
2.02624e+17
-1.50495e+17
1.09672e+17
-7.84205e+16
5.50203e+16
-3.78764e+16
2.55827e+16
-1.69522e+16
1.10197e+16
-7.02634e+15
4.39387e+15
-2.69438e+15
1.61991e+15
-9.54685e+14
5.51414e+14
-3.12065e+14
1.73003e+14
-9.39266e+13
4.99255e+13
-2.59729e+13
1.32201e+13
-6.58129e+12
3.20317e+12
-1.52357e+12
7.07882e+11
-3.21122e+11
1.42157e+11
-6.13779e+10
2.58313e+10
-1.059e+10
4.22626e+09
-1.64062e+09
6.19022e+08
-2.26813e+08
8.06282e+07
-2.77788e+07
9.26562e+06
-2.98815e+06
930729
-279353
80881.6
-22339.9
6078.65
-1424.73
471.506
13.6295
119.175
95.9073
100.859
99.8121
100.048
99.9847
100.006
99.9973
100.001
99.9994
100
99.9999
100
100
100
100
100
100
100
100
100
100
100
100
100
100
100
100
100
100
100
100
100
100
100
100
100
100
100
100
100
100
100
100
100
100
100
100
100
100
100
100
100
100
100
100
100
100
100
100
100
100
100
100
100
100
100
100
100
100
100
100
100
100
100
100
100
100
100
100
100
100
100
100
100
100
100
100
100
100
100
100
100
100
100
100
100
100
100
100
100
100
100
100
100
100
100
100
100
100
100
100
100
100
100
100
100
100
100
100
100
100
100
100
100
100
100
100
100
100
100
100
100
